# This puzzle is solvable
17
120   3 170 164   6 129 124 123 130 215 132  13  78  77  17  80  16 
 69 117 121 122  73   9  11  74  70 128  10 133  14 217  18 180  79 
 67 206 166 126  63   5   4 173 244  72 131  75 216  76 179 177  15 
  2 119  62  66 242 208 263 261  71 280  12 212 248 134 135  82  19 
 60  61 167 210 165 202 172   8 283 288 270 175 178 281  83  81  20 
  1 168 267 163 174 171 162 245 211 285 213 184 176 137 250  85 182 
235 243  58 260 264 266 115 160   7 251 246 190 247  27 271  21  29 
240 169 238 114  68 113 127 268 273 223 237 287 136 219  86  84  22 
 65  52 111 209 125 199 278 265 284 221 218 138 181 214  26  25  23 
116 118 159 207 229 279 249 262 241 147 252 275 253 220  88 222  24 
 51 196 236 203 257 161 276 204 193 269 227  95 186 144 192 140  87 
239 198 205 234  59 100 153 104 274 282 254 148 183   0 185  28 141 
 48 201  64  55  41  57 230 277 194 255 272 145 149  39 187  93  30 
 53 259 105 232 157 200 139 231 107  42  40 224  91 189  33  90 142 
 54 110  56 158 226 151 109  44 155 150 256  36 143 191 188  31  89 
 50  49  47 108 258  97  43 101 102 197 228 195 156  94  34  92  32 
106 154 112  98 233 152  46 103  99  45 286 146 225  37  96  38  35 
