# This puzzle is solvable
13
142  90  48  45   6  58  53 162  92  56 125  60  55 
  1   2  51 146 122 160   3  15  96  95   7 127  57 
 82  91  52 119  46  94  36  19  14   5  11  10  13 
 87  89  27  84  35 109 148 130   4 159  59  12 149 
167  47  81 117 121  54 105 124 140 144  63 163   9 
 85 161 116  25 115  72  83 150 123 134 164 129  93 
  8 154 120  34   0 114 126 112  73  18  62  99 152 
157  86  38  50  79  49 106  23 151  65 107 165 100 
 37  33 145 118  80 143 147 103 128 168  97  64  17 
 40  78  41  39  76  44 108  98  16  61 102  20 104 
153 113 139  75  30  31  32 133 136  24  70 101 131 
 43  66 156 110  22 111 141 137 166  71  21  69  26 
 88  42 158  74 132  77 135 138  67  29 155  28  68 
