# This puzzle is unsolvable
17
  2   6  63 120 167 241 208   8 126 172  69  77 216  16  83  19  80 
163 168  65  66 121 118   5  73  70  79  12 213  76  78  15   0  14 
165   1  64 203 128 282 127  68 129 288 175  10 132 219  21  13  17 
264   4   3 170 124   7 125 220 171 178  72   9  11 249 246 134  81 
113 119  67  71 207  75 276 176 174 130 218 183 179 131  18 248  20 
 62  61 238 123  53 243  56 122 279 211 214 215 180 242 247  24  82 
 58 115 278 205 206 240 287 232 274 210 283 133 286 139 221 137  84 
260 239 212  60 237 268 164 272  74 181 177  22 251 253 136  25 138 
 59 111 116 234 117 169 161 162 267 209 185 195 141 142 182  23  27 
199 154  47 173 261 266 277 245 281 269 271 224 255  29 140 135 217 
 55 200 112 114 265 194 254 227 284 263  85 144 184  91  89 252 143 
102  51 160 196 285 250 166 157 101 256 152  35 225 146  92  87  26 
 48 202  54 110 201 244  46 151 275 229 189 187  99 222  32  38  86 
 57 228 257 156  50 270 262 258 280 230 231 148 149  31  88  30 190 
 52 108 236 204 150  98 259 233  44 223 226 147  95 186 273  94  96 
106 109 155  45 107  43 153  40 192 100  41 188 145  97  36  90  28 
198 235  49 158 103 197 159 105 104  42  39 191  37 193  93  34  33 
