# This puzzle is unsolvable
13
  1   2 123   7  95  91 124 162  56 128  12  57  13 
 90   4  51 121 163 155  55  54 160  15 150   6  93 
 46  49 168 149 158  89  97  52  66  11  94 129  14 
 92   0   5 157 109  63 135  53 117 125  58 167  19 
144  85  50  88   9 161 137  10  29  99 103  70 105 
 87  30 122   8 119 118 100 131  20  59 102  18  61 
115  84  47 112 146  83  65  27 151 136 147 143  96 
145 164  39  43 166 156 126 116 165 141  21  62 127 
  3  40 142  38  86 104 159 148  22 108  23 152 153 
 42  48  80  45  82 132 101  71  32 138  68  31 130 
 77  44 140  78 111  28  73 106  60  81  16 134  98 
139  35 114  37  79 154  74 107  72  17  33  25  26 
 34 120 110  36 113  76  75 133  67  41  69  64  24 
